400	9.7	8.2	0.845
410	12.45	10.85	0.871
420	15.2	13.5	0.888
430	19.35	16.9	0.873
440	23.5	20.3	0.864
450	28.9	24.9	0.862
460	34.3	29.5	0.860
470	40.6	35.15	0.866
480	46.9	40.8	0.870
490	54.25	46.55	0.858
500	61.6	52.3	0.849
510	69.85	57.2	0.819
520	78.1	62.1	0.795
530	86.35	64.95	0.752
540	94.6	67.8	0.717
550	102.3	68.45	0.669
560	110	69.1	0.628
570	116.7	69.1	0.592
580	123.4	69.2	0.561
590	129.35	69.6	0.538
600	135.3	70	0.517
610	140	72.8	0.520
620	144.8	73.8	0.510
630	149	76.8	0.515
640	153.5	80.1	0.522
650	156	84	0.538
660	159.7	88.8	0.556
670	162	93.4	0.577
680	164.4	99.2	0.603
690	165	105.4	0.639
700	167.3	111.5	0.666
710	167	117.2	0.702
720	168.3	122.7	0.729
730	167.5	128	0.764
740	166.7	132.4	0.794
750	166	138	0.831
760	166.2	141.8	0.853
770	165	144	0.873
780	163.3	145.6	0.892
790	160	145	0.906
800	158.1	144.4	0.913
810	154.9	142.2	0.918
820	151.7	140	0.923
830	147.35	136.2	0.924
840	143	132.4	0.926
850	138	127.8	0.926
